0	1	····CE····S·	78
0	2	·····E·A··S·	74
0	3	·······A····	66
0	5	·······A····	66
0	8	·······A····	66
1	9	····CE····S·	78
0	10	·······A····	66
0	11	·······A···F	66
0	12	·······A····	66
1	13	·····E·A··S·	74
1	14	·······A····	66
1	16	·······A····	66
1	19	·······A····	66
2	20	····CE····S·	78
1	21	·······A····	66
1	22	·······A···F	66
2	23	·····E·A··S·	74
1	24	·······A····	66
2	25	·······A····	66
2	27	·······A····	66
2	30	·······A····	66
2	31	·······A····	66
2	32	·······A···F	66
3	33	····CE····S·	78
2	34	·······A····	66
3	35	·····E·A··S·	74
3	36	·······A····	66
3	38	·······A····	66
3	41	·······A····	66
3	42	·······A····	66
3	43	·······A···F	66
3	44	·······A····	66
4	45	····CE····S·	78
4	46	·····E·A··S·	74
4	47	·······A····	66
4	49	·······A····	66
4	52	·······A····	66
4	53	·······A····	66
5	54	····CE····S·	78
4	55	·······A···F	66
4	56	·······A····	66
5	57	·····E·A··S·	74
5	58	·······A····	66
5	60	·······A····	66
6	63	····CE····S·	78
5	64	·······A····	66
5	65	·······A····	66
5	66	·······A···F	66
6	67	·····E·A··S·	74
5	68	·······A····	66
6	69	·······A····	66
6	71	·······A····	66
6	74	·······A····	66
6	75	·······A····	66
6	76	·······A···F	66
6	77	·······A····	66
7	78	····CE····S·	78
7	79	·····E·A··S·	74
7	80	·······A····	66
7	82	·······A····	66
7	85	·······A····	66
7	86	·······A····	66
7	87	·······A···F	66
7	88	·······A····	66
8	89	····CE····S·	78
8	90	·····E·A··S·	74
8	91	·······A····	66
8	93	·······A····	66
9	96	····CE····S·	78
8	97	·······A····	66
8	98	·······A····	66
8	99	·······A···F	66
9	100	·····E·A··S·	74
8	101	·······A····	66
9	102	·······A····	66
9	104	·······A····	66
9	107	·······A····	66
9	108	·······A····	66
9	109	·······A···F	66
9	110	·······A····	66
